0 0.2388888890625 0.49944444375 0.24444444375000002 0.507222221875 0.2604166671875 0.517222221875 0.2791666671875 0.532777778125 0.29444444375 0.5361111109375 0.31736111093749997 0.525 0.325347221875 0.5177777781249999 0.33506944375000003 0.50444444375 0.33993055625 0.49555555625 0.3427083328125 0.48444444375 0.34409722187499997 0.46555555625 0.34375 0.4438888890625 0.3416666671875 0.4188888890625 0.33819444375 0.4066666671875 0.33055555625 0.39277777812500003 0.32326388906250003 0.38444444375 0.305902778125 0.372777778125 0.29340277812500004 0.3688888890625 0.27881944375 0.3688888890625 0.25868055624999997 0.3761111109375 0.24722222187499998 0.3861111109375 0.23715277812500002 0.40055555624999994 0.23020833281250003 0.41777777812499994 0.22743055625 0.43222222187500003 0.22743055625 0.45277777812500003 0.23020833281250003 0.4733333328125 0.23333333281250002 0.4861111109375 0.2388888890625 0.49944444375
0 0.40381944374999995 0.5261111109375001 0.41701388906250003 0.537222221875 0.427777778125 0.5361111109375 0.4548611109375 0.527222221875 0.4767361109375 0.51555555625 0.48784722187499996 0.507777778125 0.493402778125 0.5011111109375 0.49791666718750005 0.4933333328125 0.49965277812500003 0.48555555625 0.49965277812500003 0.4783333328125 0.4927083328125 0.44166666718750003 0.4875 0.427777778125 0.4701388890625 0.4 0.4614583328125 0.38944444375 0.446875 0.37666666718749997 0.434375 0.3711111109375 0.41701388906250003 0.3711111109375 0.40590277812500003 0.3761111109375 0.3986111109375 0.382222221875 0.39131944375 0.392222221875 0.3875 0.40055555624999994 0.3760416671875 0.43944444374999997 0.3760416671875 0.47000000000000003 0.3795138890625 0.485 0.3927083328125 0.5116666671875 0.40381944374999995 0.5261111109375001
0 0.5097222218749999 0.5116666671875 0.522222221875 0.527777778125 0.5326388890625 0.5355555562500001 0.5409722218749999 0.5383333328125001 0.5642361109375 0.5349999999999999 0.5711805562500001 0.532222221875 0.5788194437499999 0.5255555562499999 0.5878472218749999 0.51055555625 0.5944444437499999 0.495 0.59930555625 0.477777778125 0.6017361109375 0.4583333328125 0.59930555625 0.42111111093750003 0.594097221875 0.40222222187499995 0.5885416671875 0.39388888906249997 0.5826388890625 0.3888888890625 0.55694444375 0.377222221875 0.5326388890625 0.377222221875 0.5170138890625 0.3861111109375 0.51180555625 0.3933333328125 0.5059027781250001 0.4066666671875 0.5006944437499999 0.4238888890625 0.4986111109375 0.43833333281250003 0.4982638890625 0.4566666671875 0.5 0.47722222187499996 0.502777778125 0.49277777812499995 0.5097222218749999 0.5116666671875
0 0.781597221875 0.3416666671875 0.7871527781250001 0.3466666671875 0.799652778125 0.352777778125 0.8354166671875 0.35555555625 0.8496527781250001 0.352777778125 0.8666666671875 0.34555555625 0.8791666671874999 0.3361111109375 0.8854166671874999 0.3283333328125 0.89444444375 0.31055555625000003 0.9003472218749999 0.2916666671875 0.903472221875 0.2766666671875 0.9041666671874999 0.257222221875 0.8989583328125 0.2216666671875 0.8895833328125 0.20166666718749998 0.8704861109375001 0.18444444375 0.8600694437499999 0.18 0.8458333328125001 0.1783333328125 0.82569444375 0.18555555625 0.80694444375 0.19944444374999998 0.7958333328125 0.21055555625000003 0.7725694437499999 0.2383333328125 0.765277778125 0.25055555625000003 0.7597222218749999 0.2683333328125 0.759375 0.27999999999999997 0.765972221875 0.31055555625000003 0.7732638890625 0.32944444375000004 0.781597221875 0.3416666671875
0 0.21840277812500003 0.68944444375 0.2357638890625 0.6988888890625 0.25243055625 0.7016666671875 0.265625 0.7011111109375 0.28958333281250004 0.6933333328125 0.30069444375 0.6838888890625 0.30902777812500004 0.67055555625 0.3138888890625 0.6588888890625 0.3104166671875 0.62246055625 0.3111111109375 0.592222221875 0.3083333328125 0.5811111109375 0.3020833328125 0.5688888890625 0.28090277812500003 0.537222221875 0.262847221875 0.517222221875 0.24131944375 0.502222221875 0.23715277812500002 0.502777778125 0.2208333328125 0.5138888890625 0.21006944375 0.5288888890625 0.2052083328125 0.5561111109375 0.20069444375 0.62055555625 0.2010416671875 0.647777778125 0.20243055625 0.6588888890625 0.20625 0.6727777781250001 0.21840277812500003 0.68944444375
0 0.3322916671875 0.6972222218749999 0.33819444375 0.705 0.34861111093749997 0.7133333328125 0.35451388906250003 0.71555555625 0.3697916671875 0.71555555625 0.38055555625 0.71055555625 0.3895833328125 0.702777778125 0.41041666718750003 0.6799999999999999 0.415972221875 0.6711111109375001 0.43333333281249997 0.5694444437499999 0.425 0.5466666671875 0.4173611109375 0.537222221875 0.3916666671875 0.5355555562500001 0.365625 0.5377777781249999 0.34305555625 0.5488888890625 0.3291666671875 0.5638888890625 0.31979166718749996 0.5822222218750001 0.315277778125 0.5966666671875 0.31319444375 0.61 0.31284722187499997 0.635 0.3145833328125 0.6488888890625 0.32430555625 0.67944444375 0.3322916671875 0.6972222218749999
0 0.43958333281249995 0.7122222218750001 0.4607638890625 0.727222221875 0.4704861109375 0.7311111109375 0.4829861109375 0.7316666671875 0.49583333281249997 0.7233333328125 0.5125 0.7 0.5267361109375 0.657777778125 0.5291666671875 0.5994444437500001 0.5253472218749999 0.58055555625 0.5239583328124999 0.5583333328125 0.5215277781250001 0.5488888890625 0.5145833328125 0.5383333328125001 0.497222221875 0.5316666671875 0.477777778125 0.53444444375 0.45694444375 0.547222221875 0.434722221875 0.57444444375 0.42881944375 0.5861111109375 0.42291666718750004 0.61 0.419097221875 0.6511111109375001 0.4201388890625 0.6711111109375001 0.42430555625000005 0.68555555625 0.43055555625 0.6988888890625 0.43958333281249995 0.7122222218750001
0 0.544097221875 0.7 0.5729166671875 0.7266666671875 0.58055555625 0.73 0.59618055625 0.7288888890624999 0.6006944437499999 0.72555555625 0.6152777781250001 0.705 0.6295138890625 0.67055555625 0.6329861109375 0.6505555562499999 0.6319444437499999 0.5938888890625 0.6236111109375 0.55944444375 0.615972221875 0.54055555625 0.6086805562500001 0.532222221875 0.597222221875 0.52444444375 0.58194444375 0.52444444375 0.562847221875 0.5338888890625 0.559375 0.54555555625 0.549652778125 0.5533333328125 0.54131944375 0.57055555625 0.5357638890625 0.57555555625 0.530902778125 0.592777778125 0.527777778125 0.6361111109375 0.527777778125 0.6588888890625 0.5291666671875 0.665 0.5392361109375 0.6916666671875 0.544097221875 0.7
0 0.6649305562500001 0.7072222218750001 0.684027778125 0.72555555625 0.69375 0.7294444437500001 0.709375 0.7283333328125 0.7270833328124999 0.7138888890625 0.7364583328125 0.7033333328125 0.7552083328125 0.6688888890625 0.7576388890625 0.655 0.7579861109375 0.6316666671875 0.753125 0.6033333328125 0.74756944375 0.587777778125 0.7413194437499999 0.5766666671875 0.7322916671875 0.5661111109375 0.722222221875 0.5583333328125 0.7090277781250001 0.5527777781250001 0.6972222218749999 0.55055555625 0.6815972218749999 0.5538888890625 0.66631944375 0.562777778125 0.659375 0.57055555625 0.6503472218749999 0.5761111109375 0.63506944375 0.5944444437499999 0.6364583328125 0.6461111109375001 0.63819444375 0.65944444375 0.6510416671875 0.68555555625 0.6649305562500001 0.7072222218750001
0 0.7611111109375 0.67055555625 0.7770833328125 0.7033333328125 0.7961805562500001 0.7233333328125 0.809027778125 0.7288888890624999 0.8395833328125001 0.727777778125 0.846527778125 0.7216666671875 0.8576388890625 0.7166666671875 0.8697916671874999 0.707777778125 0.8736111109375001 0.7022222218749999 0.88055555625 0.6833333328125 0.8826388890624999 0.6716666671875 0.8829861109375001 0.6505555562499999 0.881597221875 0.6316666671875 0.8770833328125001 0.61055555625 0.8729166671874999 0.597777778125 0.8663194437499999 0.58444444375 0.8586805562500001 0.5733333328125 0.84930555625 0.56444444375 0.8375 0.5588888890625 0.8232638890624999 0.5555555562500001 0.80694444375 0.55444444375 0.79375 0.5561111109375 0.771875 0.567777778125 0.76006944375 0.5822222218750001 0.7541666671875 0.592777778125 0.75381944375 0.5988888890624999 0.7572916671875001 0.622222221875 0.7586805562500001 0.6583333328125 0.7611111109375 0.67055555625
0 0.2982638890625 0.8744444437500001 0.30416666718749996 0.8816666671875 0.31493055625 0.8888888890625 0.328125 0.8938888890625 0.3423611109375 0.8938888890625 0.35451388906250003 0.887222221875 0.3625 0.8800000000000001 0.3895833328125 0.847777778125 0.3951388890625 0.8355555562499999 0.3958333328125 0.8216666671875 0.399652778125 0.8061111109375 0.41701388906250003 0.7583333328124999 0.40277777812500004 0.742777778125 0.38715277812500004 0.73055555625 0.37118055625 0.7216666671875 0.3552083328125 0.7166666671875 0.3392361109375 0.717777778125 0.318402778125 0.727222221875 0.30763888906250003 0.7383333328125 0.2979166671875 0.7533333328125 0.29201388906250003 0.7666666671875 0.28680555625 0.782777778125 0.28472222187499996 0.7977777781250001 0.284375 0.8116666671875 0.287152778125 0.8327777781249999 0.29375 0.862222221875 0.2982638890625 0.8744444437500001
0 0.41493055625 0.8855555562499999 0.443402778125 0.9072222218749999 0.4704861109375 0.90944444375 0.48368055625000006 0.9038888890625 0.496875 0.887777778125 0.5048611109375 0.875 0.5166666671875 0.847222221875 0.51875 0.8333333328125001 0.51944444375 0.8099999999999999 0.5173611109375 0.79555555625 0.51319444375 0.7805555562500001 0.5020833328125 0.7538888890625 0.49618055625 0.7433333328125 0.4895833328125 0.7366666671875 0.48229166718750005 0.732777778125 0.4545138890625 0.73 0.4375 0.74 0.41701388906250003 0.762777778125 0.403125 0.792222221875 0.39756944375000003 0.817222221875 0.39791666718749996 0.83444444375 0.40243055625 0.86 0.40694444374999994 0.872222221875 0.41493055625 0.8855555562499999
0 0.5381944437499999 0.8816666671875 0.5795138890625 0.8933333328125 0.596527778125 0.892777778125 0.6083333328125 0.8883333328124999 0.6270833328125 0.8688888890625 0.63125 0.8605555562499999 0.63506944375 0.8461111109375 0.637152778125 0.8361111109375001 0.6375 0.822777778125 0.6354166671875 0.78444444375 0.6329861109375 0.7705555562499999 0.625347221875 0.7505555562499999 0.609375 0.7283333328125 0.593402778125 0.7261111109375 0.5770833328125 0.7322222218750001 0.5527777781250001 0.752777778125 0.531597221875 0.7861111109375 0.5270833328125 0.79444444375 0.5215277781250001 0.81055555625 0.515625 0.83944444375 0.515277778125 0.8516666671875001 0.518402778125 0.862222221875 0.5267361109375 0.8738888890625001 0.5381944437499999 0.8816666671875
0 0.672222221875 0.8894444437500001 0.6875 0.9066666671875 0.6986111109375 0.9144444437500001 0.7100694437499999 0.9161111109375 0.721875 0.9099999999999999 0.7447916671875 0.887777778125 0.76006944375 0.8633333328124999 0.7649305562500001 0.8522222218750001 0.76805555625 0.8383333328125 0.7673611109375 0.7983333328125 0.76180555625 0.7738888890625 0.74618055625 0.7561111109375 0.7100694437499999 0.7322222218750001 0.69930555625 0.73055555625 0.6885416671875 0.7322222218750001 0.6673611109375 0.7466666671875 0.6541666671875 0.765 0.64375 0.7833333328125 0.6392361109375 0.795 0.6392361109375 0.8111111109375001 0.6420138890625 0.82555555625 0.6572916671875 0.8661111109374999 0.672222221875 0.8894444437500001
0 0.81631944375 0.9033333328125 0.8350694437499999 0.9166666671874999 0.8732638890625 0.927222221875 0.88680555625 0.922222221875 0.8947916671874999 0.91055555625 0.8975694437499999 0.9 0.8979166671875 0.862777778125 0.89375 0.81444444375 0.88125 0.767222221875 0.871875 0.747222221875 0.8552083328125001 0.7383333328125 0.8385416671874999 0.7333333328125 0.8201388890624999 0.7333333328125 0.809027778125 0.7361111109375 0.7986111109375 0.7466666671875 0.787847221875 0.7711111109375001 0.781597221875 0.797222221875 0.7802083328125 0.8099999999999999 0.780902778125 0.8355555562499999 0.7881944437499999 0.8616666671875001 0.8017361109375001 0.8883333328124999 0.81631944375 0.9033333328125
0 0.32465277812500004 0.33888888906250003 0.3392361109375 0.35055555625 0.3513888890625 0.3533333328125 0.36875 0.3533333328125 0.396527778125 0.3433333328125 0.4142361109375 0.3311111109375 0.42743055625000004 0.317777778125 0.434375 0.3061111109375 0.43784722187499997 0.29555555624999996 0.43958333281249995 0.2811111109375 0.4392361109375 0.26444444375 0.43194444374999996 0.24444444375000002 0.42569444375 0.23444444375 0.4017361109375 0.207777778125 0.38125 0.19055555625 0.37013888906250003 0.1838888890625 0.3583333328125 0.18111111093750001 0.34305555625 0.18222222187499998 0.3333333328125 0.1866666671875 0.321527778125 0.19555555625 0.315277778125 0.202222221875 0.309375 0.2133333328125 0.3045138890625 0.23944444374999999 0.30520833281250004 0.2833333328125 0.30763888906250003 0.3038888890625 0.31180555625 0.315 0.32465277812500004 0.33888888906250003
0 0.45798611093749997 0.32444444375 0.46944444374999994 0.337777778125 0.48020833281249997 0.34555555625 0.490972221875 0.35055555625 0.51006944375 0.35444444375 0.53125 0.352777778125 0.54375 0.34444444375 0.55 0.337222221875 0.5552083328124999 0.32944444375000004 0.5618055562500001 0.3138888890625 0.565972221875 0.2766666671875 0.565625 0.257222221875 0.5631944437499999 0.24 0.5555555562500001 0.217222221875 0.54930555625 0.2038888890625 0.543402778125 0.195 0.5354166671875 0.18777777812500002 0.512152778125 0.18055555625 0.494097221875 0.182777778125 0.48541666718750004 0.1888888890625 0.4767361109375 0.1983333328125 0.45208333281249996 0.2388888890625 0.44236111093749997 0.26555555625 0.4420138890625 0.27944444375 0.4447916671875 0.2938888890625 0.4513888890625 0.3138888890625 0.45798611093749997 0.32444444375
0 0.6163194437499999 0.35944444375 0.63055555625 0.3633333328125 0.64444444375 0.36222222187500003 0.659375 0.357777778125 0.6677083328125 0.35055555625 0.674652778125 0.33999999999999997 0.68125 0.325 0.6861111109375 0.30555555624999997 0.6868055562500001 0.2866666671875 0.6833333328125 0.247777778125 0.6798611109375 0.225 0.6760416671875 0.2133333328125 0.672222221875 0.207777778125 0.6614583328125 0.197222221875 0.646875 0.18777777812500002 0.6329861109375 0.18555555625 0.6204861109375 0.18777777812500002 0.612152778125 0.1916666671875 0.6045138890625 0.197222221875 0.5920138890625 0.2116666671875 0.5833333328125 0.2288888890625 0.569097221875 0.25166666718749997 0.5666666671875 0.262222221875 0.5638888890625 0.292222221875 0.5631944437499999 0.317777778125 0.575347221875 0.332222221875 0.5923611109375 0.3461111109375 0.6163194437499999 0.35944444375
0 0.5823159718750001 0.15907111093749998 0.600065971875 0.175462778125 0.6285354171875001 0.17123111093750001 0.65019618125 0.142802221875 0.6642479171875 0.120652221875 0.6648538187499999 0.084512221875 0.6630812500000001 0.0507883328125 0.5636572921874999 0.05 0.5632052078124999 0.0720338890625 0.5666909718750001 0.115212778125 0.5823159718750001 0.15907111093749998
0 0.7398590281249999 0.162572221875 0.783203125 0.13429555625 0.7887416671875 0.09261444375 0.7846 0.0513311109375 0.6736111109375 0.05185166718749999 0.6631628468749999 0.0862338890625 0.6631628468749999 0.13321055625 0.6900048609375 0.1619938890625 0.7398590281249999 0.162572221875
0 0.8592121531249999 0.13857055625 0.8848423609375 0.10643111093749999 0.8986003468750001 0.071997778125 0.8986003468750001 0.05220611093750001 0.7928239578125 0.05185166718749999 0.7843649312500001 0.090907221875 0.795378471875 0.12368333281249999 0.8209545140625 0.15060055625 0.8592121531249999 0.13857055625