0 0.44756944374999996 0.3361111109375 0.45625 0.342777778125 0.471875 0.34944444375 0.49583333281249997 0.3538888890625 0.5072916671875001 0.35111111093749997 0.5215277781250001 0.3438888890625 0.5381944437499999 0.3311111109375 0.54930555625 0.3188888890625 0.555902778125 0.30555555624999997 0.5604166671875 0.28944444375 0.559722221875 0.277222221875 0.54930555625 0.252222221875 0.5166666671875 0.20444444375 0.5059027781250001 0.18055555625 0.49791666718750005 0.175 0.48506944374999994 0.16999999999999998 0.46840277812500003 0.16944444375 0.45277777812500003 0.18055555625 0.4458333328125 0.18777777812500002 0.43506944374999995 0.212222221875 0.42569444375 0.252222221875 0.4263888890625 0.28944444375 0.4291666671875 0.30444444375 0.434375 0.3188888890625 0.44756944374999996 0.3361111109375
0 0.634027778125 0.335 0.6677083328125 0.3466666671875 0.709375 0.3516666671875 0.7402777781250001 0.327222221875 0.756597221875 0.30555555624999997 0.7625 0.292222221875 0.765625 0.28055555625 0.765972221875 0.2533333328125 0.7545138890625 0.212222221875 0.746875 0.19277777812500002 0.734375 0.17555555625000002 0.7173611109375 0.1738888890625 0.6888888890625 0.18444444375 0.672222221875 0.19944444374999998 0.637152778125 0.25166666718749997 0.6302083328125 0.26555555625 0.6267361109375 0.2816666671875 0.6260416671875 0.30222222187500003 0.6270833328125 0.317222221875 0.6302083328125 0.32944444375000004 0.634027778125 0.335
0 0.8048611109375001 0.34722222187499996 0.8111111109375001 0.352222221875 0.82256944375 0.3583333328125 0.8350694437499999 0.3566666671875 0.84930555625 0.34944444375 0.8579861109375001 0.34055555625 0.8645833328125001 0.3366666671875 0.88125 0.32055555625 0.8895833328125 0.3083333328125 0.903125 0.26277777812499997 0.91006944375 0.22611111093749997 0.9107638890624999 0.21277777812499998 0.903472221875 0.19 0.8982638890624999 0.18222222187499998 0.8875 0.172777778125 0.8638888890624999 0.16833333281250001 0.844097221875 0.1711111109375 0.8173611109375001 0.1838888890625 0.8038194437499999 0.1966666671875 0.79375 0.2133333328125 0.780902778125 0.2438888890625 0.778125 0.2561111109375 0.7770833328125 0.27777777812500004 0.778472221875 0.292777778125 0.79131944375 0.32944444375000004 0.8048611109375001 0.34722222187499996
0 0.8211805562500001 0.5261111109375001 0.8350694437499999 0.532222221875 0.8496527781250001 0.532222221875 0.875 0.5238888890625 0.8888888890625 0.5116666671875 0.89375 0.505 0.90381944375 0.4783333328125 0.9052083328125 0.42944444375 0.903472221875 0.417222221875 0.8982638890624999 0.4 0.890625 0.385 0.8625 0.35611111093750003 0.846875 0.3538888890625 0.8295138890624999 0.36055555625 0.815625 0.377222221875 0.803125 0.4061111109375 0.797222221875 0.427777778125 0.794097221875 0.4483333328125 0.794097221875 0.487777778125 0.7951388890625 0.49444444374999996 0.7979166671875 0.49888888906249995 0.8211805562500001 0.5261111109375001
0 0.7256944437499999 0.5483333328125 0.746527778125 0.54944444375 0.7614583328125 0.542222221875 0.7666666671875 0.5311111109375 0.77881944375 0.5138888890625 0.7892361109375 0.4911111109375 0.7920138890625 0.47888888906249993 0.79305555625 0.4438888890625 0.7909722218749999 0.42888888906249995 0.7875 0.4161111109375 0.7625 0.357777778125 0.747222221875 0.33944444375 0.7375 0.33555555625 0.73125 0.33555555625 0.719097221875 0.3411111109375 0.7107638890625 0.34944444375 0.70625 0.3566666671875 0.699652778125 0.382222221875 0.69131944375 0.4061111109375 0.6885416671875 0.42222222187499997 0.6864583328125 0.44888888906249996 0.6857638890625 0.49555555625 0.690625 0.5161111109375 0.7038194437499999 0.537222221875 0.7256944437499999 0.5483333328125
0 0.6024305562500001 0.547222221875 0.609027778125 0.5516666671875 0.6454861109375 0.55 0.662847221875 0.5377777781249999 0.6788194437499999 0.5111111109375 0.684722221875 0.49055555625 0.687152778125 0.4733333328125 0.6861111109375 0.45444444375000004 0.678472221875 0.4216666671875 0.6635416671875001 0.38944444375 0.655902778125 0.3783333328125 0.6493055562500001 0.362777778125 0.640972221875 0.352222221875 0.634375 0.3461111109375 0.621527778125 0.342222221875 0.609027778125 0.34888888906250004 0.6045138890625 0.352777778125 0.6020833328124999 0.357777778125 0.590972221875 0.38944444375 0.5864583328124999 0.4161111109375 0.5798611109375 0.44166666718750003 0.578472221875 0.45499999999999996 0.578125 0.48166666718749995 0.5795138890625 0.49444444374999996 0.5930555562500001 0.532222221875 0.6024305562500001 0.547222221875
0 0.47256944375 0.50444444375 0.48784722187499996 0.5211111109375001 0.49513888906250003 0.5261111109375001 0.51805555625 0.5316666671875 0.546527778125 0.5266666671875 0.5625 0.5133333328125 0.57430555625 0.495 0.5763888890625 0.48666666718749996 0.577777778125 0.42944444375 0.57569444375 0.4161111109375 0.5604166671875 0.38944444375 0.5486111109375 0.3761111109375 0.5329861109375 0.36611111093750004 0.5177083328125 0.36444444374999996 0.4916666671875 0.375 0.46770833281249996 0.40222222187499995 0.453125 0.41333333281250006 0.450347221875 0.417222221875 0.44895833281249997 0.4233333328125 0.4486111109375 0.43222222187500003 0.45069444374999995 0.44611111093750005 0.462847221875 0.4883333328125 0.47256944375 0.50444444375
0 0.38055555625 0.5366666671875 0.400347221875 0.5411111109375 0.43263888906250003 0.542222221875 0.440625 0.54055555625 0.4454861109375 0.537222221875 0.450347221875 0.53 0.46006944375 0.5061111109375 0.4611111109375 0.48666666718749996 0.459027778125 0.47000000000000003 0.444097221875 0.417222221875 0.4375 0.40277777812500004 0.42118055625000006 0.377222221875 0.4045138890625 0.365 0.38993055625 0.3633333328125 0.3826388890625 0.36555555625 0.36666666718749996 0.377222221875 0.35069444375000003 0.4061111109375 0.337847221875 0.44166666718750003 0.3385416671875 0.46666666718750005 0.3489583328125 0.4966666671875 0.36423611093749997 0.522777778125 0.38055555625 0.5366666671875
0 0.2625 0.5333333328125 0.275347221875 0.5361111109375 0.28611111093749997 0.5355555562500001 0.3111111109375 0.5266666671875 0.31805555625 0.522222221875 0.32569444375 0.5138888890625 0.334722221875 0.5011111109375 0.3392361109375 0.48944444374999996 0.33993055625 0.47722222187499996 0.3375 0.44944444375000003 0.33888888906250003 0.4188888890625 0.33541666718749996 0.40499999999999997 0.325 0.3811111109375 0.31875 0.37055555625 0.3048611109375 0.352222221875 0.290972221875 0.3416666671875 0.27777777812500004 0.3416666671875 0.2670138890625 0.34722222187499996 0.26076388906250003 0.3533333328125 0.2517361109375 0.37055555625 0.24375 0.39388888906249997 0.23541666718749998 0.40888888906250004 0.23159722187499998 0.4238888890625 0.2295138890625 0.44055555625 0.2295138890625 0.46944444374999994 0.2357638890625 0.5061111109375 0.2479166671875 0.5238888890625 0.2625 0.5333333328125
0 0.3420138890625 0.7088888890625 0.35902777812500003 0.71 0.384722221875 0.7033333328125 0.397222221875 0.6944444437499999 0.412152778125 0.6888888890625 0.4173611109375 0.6805555562500001 0.4201388890625 0.6716666671875 0.41840277812500004 0.6211111109375 0.4138888890625 0.5944444437499999 0.39548611093749997 0.567222221875 0.37986111093749997 0.5527777781250001 0.36805555624999997 0.5466666671875 0.3298611109375 0.547222221875 0.3229166671875 0.55055555625 0.3107638890625 0.5616666671874999 0.30625 0.5733333328125 0.3013888890625 0.5933333328125 0.29722222187499997 0.63944444375 0.2982638890625 0.6627777781249999 0.309722221875 0.687777778125 0.3236111109375 0.7011111109375 0.3420138890625 0.7088888890625
0 0.44375 0.7061111109375 0.4611111109375 0.7161111109375 0.46805555625000006 0.717777778125 0.48541666718750004 0.71555555625 0.49930555625000006 0.7038888890624999 0.50555555625 0.6944444437499999 0.51180555625 0.68944444375 0.537847221875 0.6516666671875 0.540277778125 0.6438888890625 0.543402778125 0.622777778125 0.5427083328125 0.60555555625 0.540277778125 0.592777778125 0.528472221875 0.5688888890625 0.5215277781250001 0.547222221875 0.5163194437499999 0.5427777781249999 0.506597221875 0.5416666671875 0.46944444374999994 0.54055555625 0.4545138890625 0.5438888890625 0.44375 0.54944444375 0.4232638890625 0.577777778125 0.41319444375 0.602222221875 0.41111111093749997 0.612777778125 0.4114583328125 0.6583333328125 0.4236111109375 0.6916666671875 0.4322916671875 0.7038888890624999 0.44375 0.7061111109375
0 0.5666666671875 0.7133333328125 0.5829861109375 0.722222221875 0.596875 0.7244444437500001 0.609722221875 0.7183333328125 0.625347221875 0.7038888890624999 0.637152778125 0.6888888890625 0.6447916671875 0.6716666671875 0.653472221875 0.6588888890625 0.6611111109375 0.6244444437500001 0.6611111109375 0.597222221875 0.652777778125 0.5688888890625 0.6423611109375 0.5555555562500001 0.6347222218749999 0.5516666671875 0.6229166671875 0.55055555625 0.596875 0.55444444375 0.5670138890625 0.56555555625 0.559375 0.57055555625 0.5538194437499999 0.5772222218749999 0.54305555625 0.6033333328125 0.5399305562500001 0.637777778125 0.5395833328124999 0.65944444375 0.5416666671875 0.66944444375 0.5545138890625 0.70055555625 0.5666666671875 0.7133333328125
0 0.6795138890625 0.7166666671875 0.694097221875 0.7244444437500001 0.7107638890625 0.72555555625 0.7395833328125 0.7150000000000001 0.7541666671875 0.7016666671875 0.7649305562500001 0.682777778125 0.769097221875 0.6711111109375001 0.778125 0.632222221875 0.781597221875 0.6088888890625 0.7829861109375 0.5811111109375 0.780902778125 0.5700000000000001 0.7753472218749999 0.55944444375 0.771875 0.5561111109375 0.756597221875 0.5511111109375 0.72430555625 0.5522222218749999 0.7076388890625 0.55944444375 0.6944444437499999 0.5694444437499999 0.675 0.592222221875 0.665625 0.6138888890625 0.6604166671875 0.645 0.66006944375 0.6599999999999999 0.6649305562500001 0.68555555625 0.6729166671875 0.7066666671874999 0.6795138890625 0.7166666671875
0 0.796875 0.7072222218750001 0.80694444375 0.7144444437499999 0.8204861109375001 0.7183333328125 0.8385416671874999 0.7188888890625 0.8579861109375001 0.71555555625 0.8642361109375001 0.712777778125 0.878125 0.7011111109375 0.890625 0.6833333328125 0.9048611109375001 0.6533333328125 0.9111111109375001 0.63444444375 0.9125 0.605 0.909722221875 0.5933333328125 0.9003472218749999 0.5766666671875 0.88506944375 0.56444444375 0.8541666671874999 0.5533333328125 0.82430555625 0.5527777781250001 0.803125 0.5650000000000001 0.797222221875 0.5700000000000001 0.790625 0.57944444375 0.78368055625 0.5983333328125 0.7760416671875 0.6461111109375001 0.77569444375 0.6588888890625 0.778472221875 0.6733333328125 0.787847221875 0.69555555625 0.796875 0.7072222218750001
0 0.6708333328125 0.9005555562499999 0.6854166671875 0.902777778125 0.6972222218749999 0.9 0.712152778125 0.8922222218750001 0.7263888890625 0.8761111109374999 0.7322916671875 0.8588888890625 0.7350694437499999 0.8338888890625 0.7354166671875 0.812222221875 0.731597221875 0.7833333328125 0.7232638890625 0.76055555625 0.715972221875 0.747222221875 0.696875 0.737777778125 0.66944444375 0.7361111109375 0.65868055625 0.7388888890625 0.6510416671875 0.7433333328125 0.6420138890625 0.7516666671875 0.63125 0.7661111109375 0.606597221875 0.8066666671875 0.6006944437499999 0.822777778125 0.59930555625 0.8327777781249999 0.59930555625 0.847222221875 0.6243055562500001 0.8755555562499999 0.6545138890625 0.8938888890625 0.6708333328125 0.9005555562499999
0 0.44895833281249997 0.8888888890625 0.45555555625000005 0.8938888890625 0.4673611109375 0.897222221875 0.4791666671875 0.89555555625 0.49305555625 0.8911111109375 0.5020833328125 0.8855555562499999 0.5114583328125 0.8772222218750001 0.51875 0.865 0.524652778125 0.8511111109374999 0.5319444437499999 0.822777778125 0.5333333328125 0.812777778125 0.5329861109375 0.795 0.528472221875 0.7705555562499999 0.5107638890625 0.7433333328125 0.49444444374999996 0.7316666671875 0.4770833328125 0.73 0.46770833281249996 0.732777778125 0.45277777812500003 0.7416666671875001 0.4375 0.7566666671875 0.4263888890625 0.787222221875 0.42118055625000006 0.8177777781250001 0.42118055625000006 0.8311111109375 0.4232638890625 0.84055555625 0.440625 0.8783333328125 0.44895833281249997 0.8888888890625
0 0.3013888890625 0.8461111109375 0.30416666718749996 0.85055555625 0.30625 0.8611111109375 0.30694444375 0.8755555562499999 0.3104166671875 0.88055555625 0.315625 0.8833333328125 0.32326388906250003 0.8988888890625001 0.334375 0.90944444375 0.3427083328125 0.9144444437500001 0.35694444375 0.91555555625 0.36666666718749996 0.912222221875 0.380902778125 0.902777778125 0.39791666718749996 0.88444444375 0.41180555625000004 0.8638888890624999 0.4166666671875 0.8427777781250001 0.42534722187499996 0.817222221875 0.42881944375 0.78444444375 0.4291666671875 0.76055555625 0.42569444375 0.75444444375 0.415972221875 0.745 0.40625 0.73944444375 0.381597221875 0.735 0.35381944375 0.7361111109375 0.3395833328125 0.74055555625 0.3295138890625 0.7483333328125 0.3045138890625 0.755 0.30069444375 0.757777778125 0.2958333328125 0.7877777781249999 0.29444444375 0.807777778125 0.2947916671875 0.8366666671875 0.2979166671875 0.8444444437499999 0.3013888890625 0.8461111109375
0 0.20729166718749997 0.8688888890625 0.21319444375000002 0.8766666671875001 0.23472222187499997 0.8888888890625 0.2552083328125 0.89055555625 0.28194444375 0.8788888890625 0.30069444375 0.8605555562499999 0.306597221875 0.8461111109375 0.3079861109375 0.7583333328124999 0.296875 0.7383333328125 0.284375 0.727777778125 0.271527778125 0.72555555625 0.24895833281250002 0.7261111109375 0.22881944375000002 0.7311111109375 0.2138888890625 0.742777778125 0.21006944375 0.747777778125 0.2 0.7711111109375001 0.19618055625 0.7961111109375001 0.196875 0.835 0.19930555625 0.8483333328124999 0.20381944375 0.8611111109375 0.20729166718749997 0.8688888890625
0 0.3125 0.1516666671875 0.32256944375 0.16499999999999998 0.3295138890625 0.1711111109375 0.34444444375 0.177222221875 0.3673611109375 0.1788888890625 0.3795138890625 0.1761111109375 0.40590277812500003 0.1566666671875 0.4145833328125 0.145 0.4232638890625 0.12833333281249998 0.4291666671875 0.1038888890625 0.43541666718750005 0.0888888890625 0.43541666718750005 0.0761111109375 0.42673611093749997 0.06 0.41493055625 0.0533333328125 0.40625 0.0511111109375 0.3145833328125 0.0511111109375 0.302777778125 0.055555556250000006 0.2989583328125 0.06555555625000001 0.2986111109375 0.0888888890625 0.303125 0.12555555625 0.30763888906250003 0.1411111109375 0.3125 0.1516666671875
0 0.459027778125 0.1538888890625 0.46493055625 0.172222221875 0.46770833281249996 0.17555555625000002 0.497222221875 0.192222221875 0.502777778125 0.1988888890625 0.506597221875 0.197777778125 0.5125 0.1866666671875 0.524652778125 0.18 0.5364583328125 0.16944444375 0.5454861109375 0.15444444375 0.5517361109375 0.137777778125 0.5572916671875 0.1011111109375 0.5576388890625 0.075 0.5552083328124999 0.06 0.5486111109375 0.052222221874999995 0.512152778125 0.05 0.45729166718750003 0.0516666671875 0.4513888890625 0.05500000000000001 0.4479166671875 0.06 0.4451388890625 0.0733333328125 0.4454861109375 0.0888888890625 0.44895833281249997 0.10833333281249999 0.455902778125 0.13555555625 0.459027778125 0.1538888890625
0 0.64375 0.1738888890625 0.671527778125 0.172777778125 0.7104166671875001 0.16055555625 0.715277778125 0.15722222187499998 0.7236111109375 0.14666666718750002 0.7267361109375 0.1416666671875 0.7291666671875 0.1311111109375 0.728125 0.0638888890625 0.7246527781250001 0.0566666671875 0.7180555562500001 0.052222221874999995 0.6645833328124999 0.05 0.621527778125 0.0516666671875 0.61493055625 0.055555556250000006 0.61180555625 0.06 0.60625 0.08444444375 0.6083333328125 0.11333333281249999 0.6201388890625 0.15277777812499999 0.6295138890625 0.1666666671875 0.64375 0.1738888890625
0 0.763165625 0.1831161109375 0.78734444375 0.1831161109375 0.8092493062499999 0.1646338890625 0.8264611109375 0.117172778125 0.83670625 0.06588555625 0.8310729171875 0.0560111109375 0.73379618125 0.053703889062499996 0.72643125 0.08449055625 0.728777778125 0.120782778125 0.7421423609375 0.164192778125 0.763165625 0.1831161109375